start=1402.667933
volume=130.000000
fullscreen=yes
