start=3450.030000
volume=130.000000
fullscreen=yes
sid=1
