start=3447.444000
volume=130.000000
fullscreen=yes
sid=1
