start=3445.192000
pause=yes
volume=130.000000
fullscreen=yes
sid=1
