start=406.489000
pause=yes
volume=130.000000
fullscreen=yes
sid=1
